35
0.0 0.781978666191 
0.001 0.837439132572 
0.002 0.727320227754 
0.003 0.388734157566 
0.004 0.546152397697 
0.005 0.723890012069 
0.006 0.442100461496 
0.007 0.648159404625 
0.008 0.61970648309 
0.009 0.336645664944 
0.01 0.39529454729 
0.011 0.0194928570248 
0.012 0.230121253933 
0.013 0.29479131571 
0.014 0.809334259112 
0.015 0.148080669919 
0.016 0.912044963155 
0.017 0.0309647509683 
0.018 0.398515767401 
0.019 0.753089452204 
0.02 0.996963471476 
0.021 0.0377813090013 
0.022 0.730196098094 
0.023 0.70825271045 
0.024 0.944057099505 
0.025 0.356807924882 
0.026 0.699373309022 
0.027 0.421117461329 
0.028 0.450378498605 
0.029 0.173282601287 
0.03 0.742922498533 
0.031 0.93148124996 
0.032 0.0144267167132 
0.033 0.637163038305 
0.034 0.740210774049 
0.035 0.707633950326 
0.036 0.434696328739 
0.037 0.121437061567 
0.038 0.353385549361 
0.039 0.152250794294 
0.04 0.228672039895 
0.041 0.416354636623 
0.042 0.337321356887 
0.043 0.527186846522 
0.044 0.305547333192 
0.045 0.459777518222 
0.046 0.913167797076 
0.047 0.14268190814 
0.048 0.748251636692 
0.049 0.0334955824972 
